# 256-point radix-2 DIT FFT twiddle schedule
# Fields: stage, local_bfly, top_idx, bottom_idx, twiddle_idx

## Stage 0  (m=2, half=1, stride=128)
00, 000, 000, 001, 000
00, 001, 002, 003, 000
00, 002, 004, 005, 000
00, 003, 006, 007, 000
00, 004, 008, 009, 000
00, 005, 010, 011, 000
00, 006, 012, 013, 000
00, 007, 014, 015, 000
00, 008, 016, 017, 000
00, 009, 018, 019, 000
00, 010, 020, 021, 000
00, 011, 022, 023, 000
00, 012, 024, 025, 000
00, 013, 026, 027, 000
00, 014, 028, 029, 000
00, 015, 030, 031, 000
00, 016, 032, 033, 000
00, 017, 034, 035, 000
00, 018, 036, 037, 000
00, 019, 038, 039, 000
00, 020, 040, 041, 000
00, 021, 042, 043, 000
00, 022, 044, 045, 000
00, 023, 046, 047, 000
00, 024, 048, 049, 000
00, 025, 050, 051, 000
00, 026, 052, 053, 000
00, 027, 054, 055, 000
00, 028, 056, 057, 000
00, 029, 058, 059, 000
00, 030, 060, 061, 000
00, 031, 062, 063, 000
00, 032, 064, 065, 000
00, 033, 066, 067, 000
00, 034, 068, 069, 000
00, 035, 070, 071, 000
00, 036, 072, 073, 000
00, 037, 074, 075, 000
00, 038, 076, 077, 000
00, 039, 078, 079, 000
00, 040, 080, 081, 000
00, 041, 082, 083, 000
00, 042, 084, 085, 000
00, 043, 086, 087, 000
00, 044, 088, 089, 000
00, 045, 090, 091, 000
00, 046, 092, 093, 000
00, 047, 094, 095, 000
00, 048, 096, 097, 000
00, 049, 098, 099, 000
00, 050, 100, 101, 000
00, 051, 102, 103, 000
00, 052, 104, 105, 000
00, 053, 106, 107, 000
00, 054, 108, 109, 000
00, 055, 110, 111, 000
00, 056, 112, 113, 000
00, 057, 114, 115, 000
00, 058, 116, 117, 000
00, 059, 118, 119, 000
00, 060, 120, 121, 000
00, 061, 122, 123, 000
00, 062, 124, 125, 000
00, 063, 126, 127, 000
00, 064, 128, 129, 000
00, 065, 130, 131, 000
00, 066, 132, 133, 000
00, 067, 134, 135, 000
00, 068, 136, 137, 000
00, 069, 138, 139, 000
00, 070, 140, 141, 000
00, 071, 142, 143, 000
00, 072, 144, 145, 000
00, 073, 146, 147, 000
00, 074, 148, 149, 000
00, 075, 150, 151, 000
00, 076, 152, 153, 000
00, 077, 154, 155, 000
00, 078, 156, 157, 000
00, 079, 158, 159, 000
00, 080, 160, 161, 000
00, 081, 162, 163, 000
00, 082, 164, 165, 000
00, 083, 166, 167, 000
00, 084, 168, 169, 000
00, 085, 170, 171, 000
00, 086, 172, 173, 000
00, 087, 174, 175, 000
00, 088, 176, 177, 000
00, 089, 178, 179, 000
00, 090, 180, 181, 000
00, 091, 182, 183, 000
00, 092, 184, 185, 000
00, 093, 186, 187, 000
00, 094, 188, 189, 000
00, 095, 190, 191, 000
00, 096, 192, 193, 000
00, 097, 194, 195, 000
00, 098, 196, 197, 000
00, 099, 198, 199, 000
00, 100, 200, 201, 000
00, 101, 202, 203, 000
00, 102, 204, 205, 000
00, 103, 206, 207, 000
00, 104, 208, 209, 000
00, 105, 210, 211, 000
00, 106, 212, 213, 000
00, 107, 214, 215, 000
00, 108, 216, 217, 000
00, 109, 218, 219, 000
00, 110, 220, 221, 000
00, 111, 222, 223, 000
00, 112, 224, 225, 000
00, 113, 226, 227, 000
00, 114, 228, 229, 000
00, 115, 230, 231, 000
00, 116, 232, 233, 000
00, 117, 234, 235, 000
00, 118, 236, 237, 000
00, 119, 238, 239, 000
00, 120, 240, 241, 000
00, 121, 242, 243, 000
00, 122, 244, 245, 000
00, 123, 246, 247, 000
00, 124, 248, 249, 000
00, 125, 250, 251, 000
00, 126, 252, 253, 000
00, 127, 254, 255, 000

## Stage 1  (m=4, half=2, stride=64)
01, 000, 000, 002, 000
01, 001, 001, 003, 064
01, 002, 004, 006, 000
01, 003, 005, 007, 064
01, 004, 008, 010, 000
01, 005, 009, 011, 064
01, 006, 012, 014, 000
01, 007, 013, 015, 064
01, 008, 016, 018, 000
01, 009, 017, 019, 064
01, 010, 020, 022, 000
01, 011, 021, 023, 064
01, 012, 024, 026, 000
01, 013, 025, 027, 064
01, 014, 028, 030, 000
01, 015, 029, 031, 064
01, 016, 032, 034, 000
01, 017, 033, 035, 064
01, 018, 036, 038, 000
01, 019, 037, 039, 064
01, 020, 040, 042, 000
01, 021, 041, 043, 064
01, 022, 044, 046, 000
01, 023, 045, 047, 064
01, 024, 048, 050, 000
01, 025, 049, 051, 064
01, 026, 052, 054, 000
01, 027, 053, 055, 064
01, 028, 056, 058, 000
01, 029, 057, 059, 064
01, 030, 060, 062, 000
01, 031, 061, 063, 064
01, 032, 064, 066, 000
01, 033, 065, 067, 064
01, 034, 068, 070, 000
01, 035, 069, 071, 064
01, 036, 072, 074, 000
01, 037, 073, 075, 064
01, 038, 076, 078, 000
01, 039, 077, 079, 064
01, 040, 080, 082, 000
01, 041, 081, 083, 064
01, 042, 084, 086, 000
01, 043, 085, 087, 064
01, 044, 088, 090, 000
01, 045, 089, 091, 064
01, 046, 092, 094, 000
01, 047, 093, 095, 064
01, 048, 096, 098, 000
01, 049, 097, 099, 064
01, 050, 100, 102, 000
01, 051, 101, 103, 064
01, 052, 104, 106, 000
01, 053, 105, 107, 064
01, 054, 108, 110, 000
01, 055, 109, 111, 064
01, 056, 112, 114, 000
01, 057, 113, 115, 064
01, 058, 116, 118, 000
01, 059, 117, 119, 064
01, 060, 120, 122, 000
01, 061, 121, 123, 064
01, 062, 124, 126, 000
01, 063, 125, 127, 064
01, 064, 128, 130, 000
01, 065, 129, 131, 064
01, 066, 132, 134, 000
01, 067, 133, 135, 064
01, 068, 136, 138, 000
01, 069, 137, 139, 064
01, 070, 140, 142, 000
01, 071, 141, 143, 064
01, 072, 144, 146, 000
01, 073, 145, 147, 064
01, 074, 148, 150, 000
01, 075, 149, 151, 064
01, 076, 152, 154, 000
01, 077, 153, 155, 064
01, 078, 156, 158, 000
01, 079, 157, 159, 064
01, 080, 160, 162, 000
01, 081, 161, 163, 064
01, 082, 164, 166, 000
01, 083, 165, 167, 064
01, 084, 168, 170, 000
01, 085, 169, 171, 064
01, 086, 172, 174, 000
01, 087, 173, 175, 064
01, 088, 176, 178, 000
01, 089, 177, 179, 064
01, 090, 180, 182, 000
01, 091, 181, 183, 064
01, 092, 184, 186, 000
01, 093, 185, 187, 064
01, 094, 188, 190, 000
01, 095, 189, 191, 064
01, 096, 192, 194, 000
01, 097, 193, 195, 064
01, 098, 196, 198, 000
01, 099, 197, 199, 064
01, 100, 200, 202, 000
01, 101, 201, 203, 064
01, 102, 204, 206, 000
01, 103, 205, 207, 064
01, 104, 208, 210, 000
01, 105, 209, 211, 064
01, 106, 212, 214, 000
01, 107, 213, 215, 064
01, 108, 216, 218, 000
01, 109, 217, 219, 064
01, 110, 220, 222, 000
01, 111, 221, 223, 064
01, 112, 224, 226, 000
01, 113, 225, 227, 064
01, 114, 228, 230, 000
01, 115, 229, 231, 064
01, 116, 232, 234, 000
01, 117, 233, 235, 064
01, 118, 236, 238, 000
01, 119, 237, 239, 064
01, 120, 240, 242, 000
01, 121, 241, 243, 064
01, 122, 244, 246, 000
01, 123, 245, 247, 064
01, 124, 248, 250, 000
01, 125, 249, 251, 064
01, 126, 252, 254, 000
01, 127, 253, 255, 064

## Stage 2  (m=8, half=4, stride=32)
02, 000, 000, 004, 000
02, 001, 001, 005, 032
02, 002, 002, 006, 064
02, 003, 003, 007, 096
02, 004, 008, 012, 000
02, 005, 009, 013, 032
02, 006, 010, 014, 064
02, 007, 011, 015, 096
02, 008, 016, 020, 000
02, 009, 017, 021, 032
02, 010, 018, 022, 064
02, 011, 019, 023, 096
02, 012, 024, 028, 000
02, 013, 025, 029, 032
02, 014, 026, 030, 064
02, 015, 027, 031, 096
02, 016, 032, 036, 000
02, 017, 033, 037, 032
02, 018, 034, 038, 064
02, 019, 035, 039, 096
02, 020, 040, 044, 000
02, 021, 041, 045, 032
02, 022, 042, 046, 064
02, 023, 043, 047, 096
02, 024, 048, 052, 000
02, 025, 049, 053, 032
02, 026, 050, 054, 064
02, 027, 051, 055, 096
02, 028, 056, 060, 000
02, 029, 057, 061, 032
02, 030, 058, 062, 064
02, 031, 059, 063, 096
02, 032, 064, 068, 000
02, 033, 065, 069, 032
02, 034, 066, 070, 064
02, 035, 067, 071, 096
02, 036, 072, 076, 000
02, 037, 073, 077, 032
02, 038, 074, 078, 064
02, 039, 075, 079, 096
02, 040, 080, 084, 000
02, 041, 081, 085, 032
02, 042, 082, 086, 064
02, 043, 083, 087, 096
02, 044, 088, 092, 000
02, 045, 089, 093, 032
02, 046, 090, 094, 064
02, 047, 091, 095, 096
02, 048, 096, 100, 000
02, 049, 097, 101, 032
02, 050, 098, 102, 064
02, 051, 099, 103, 096
02, 052, 104, 108, 000
02, 053, 105, 109, 032
02, 054, 106, 110, 064
02, 055, 107, 111, 096
02, 056, 112, 116, 000
02, 057, 113, 117, 032
02, 058, 114, 118, 064
02, 059, 115, 119, 096
02, 060, 120, 124, 000
02, 061, 121, 125, 032
02, 062, 122, 126, 064
02, 063, 123, 127, 096
02, 064, 128, 132, 000
02, 065, 129, 133, 032
02, 066, 130, 134, 064
02, 067, 131, 135, 096
02, 068, 136, 140, 000
02, 069, 137, 141, 032
02, 070, 138, 142, 064
02, 071, 139, 143, 096
02, 072, 144, 148, 000
02, 073, 145, 149, 032
02, 074, 146, 150, 064
02, 075, 147, 151, 096
02, 076, 152, 156, 000
02, 077, 153, 157, 032
02, 078, 154, 158, 064
02, 079, 155, 159, 096
02, 080, 160, 164, 000
02, 081, 161, 165, 032
02, 082, 162, 166, 064
02, 083, 163, 167, 096
02, 084, 168, 172, 000
02, 085, 169, 173, 032
02, 086, 170, 174, 064
02, 087, 171, 175, 096
02, 088, 176, 180, 000
02, 089, 177, 181, 032
02, 090, 178, 182, 064
02, 091, 179, 183, 096
02, 092, 184, 188, 000
02, 093, 185, 189, 032
02, 094, 186, 190, 064
02, 095, 187, 191, 096
02, 096, 192, 196, 000
02, 097, 193, 197, 032
02, 098, 194, 198, 064
02, 099, 195, 199, 096
02, 100, 200, 204, 000
02, 101, 201, 205, 032
02, 102, 202, 206, 064
02, 103, 203, 207, 096
02, 104, 208, 212, 000
02, 105, 209, 213, 032
02, 106, 210, 214, 064
02, 107, 211, 215, 096
02, 108, 216, 220, 000
02, 109, 217, 221, 032
02, 110, 218, 222, 064
02, 111, 219, 223, 096
02, 112, 224, 228, 000
02, 113, 225, 229, 032
02, 114, 226, 230, 064
02, 115, 227, 231, 096
02, 116, 232, 236, 000
02, 117, 233, 237, 032
02, 118, 234, 238, 064
02, 119, 235, 239, 096
02, 120, 240, 244, 000
02, 121, 241, 245, 032
02, 122, 242, 246, 064
02, 123, 243, 247, 096
02, 124, 248, 252, 000
02, 125, 249, 253, 032
02, 126, 250, 254, 064
02, 127, 251, 255, 096

## Stage 3  (m=16, half=8, stride=16)
03, 000, 000, 008, 000
03, 001, 001, 009, 016
03, 002, 002, 010, 032
03, 003, 003, 011, 048
03, 004, 004, 012, 064
03, 005, 005, 013, 080
03, 006, 006, 014, 096
03, 007, 007, 015, 112
03, 008, 016, 024, 000
03, 009, 017, 025, 016
03, 010, 018, 026, 032
03, 011, 019, 027, 048
03, 012, 020, 028, 064
03, 013, 021, 029, 080
03, 014, 022, 030, 096
03, 015, 023, 031, 112
03, 016, 032, 040, 000
03, 017, 033, 041, 016
03, 018, 034, 042, 032
03, 019, 035, 043, 048
03, 020, 036, 044, 064
03, 021, 037, 045, 080
03, 022, 038, 046, 096
03, 023, 039, 047, 112
03, 024, 048, 056, 000
03, 025, 049, 057, 016
03, 026, 050, 058, 032
03, 027, 051, 059, 048
03, 028, 052, 060, 064
03, 029, 053, 061, 080
03, 030, 054, 062, 096
03, 031, 055, 063, 112
03, 032, 064, 072, 000
03, 033, 065, 073, 016
03, 034, 066, 074, 032
03, 035, 067, 075, 048
03, 036, 068, 076, 064
03, 037, 069, 077, 080
03, 038, 070, 078, 096
03, 039, 071, 079, 112
03, 040, 080, 088, 000
03, 041, 081, 089, 016
03, 042, 082, 090, 032
03, 043, 083, 091, 048
03, 044, 084, 092, 064
03, 045, 085, 093, 080
03, 046, 086, 094, 096
03, 047, 087, 095, 112
03, 048, 096, 104, 000
03, 049, 097, 105, 016
03, 050, 098, 106, 032
03, 051, 099, 107, 048
03, 052, 100, 108, 064
03, 053, 101, 109, 080
03, 054, 102, 110, 096
03, 055, 103, 111, 112
03, 056, 112, 120, 000
03, 057, 113, 121, 016
03, 058, 114, 122, 032
03, 059, 115, 123, 048
03, 060, 116, 124, 064
03, 061, 117, 125, 080
03, 062, 118, 126, 096
03, 063, 119, 127, 112
03, 064, 128, 136, 000
03, 065, 129, 137, 016
03, 066, 130, 138, 032
03, 067, 131, 139, 048
03, 068, 132, 140, 064
03, 069, 133, 141, 080
03, 070, 134, 142, 096
03, 071, 135, 143, 112
03, 072, 144, 152, 000
03, 073, 145, 153, 016
03, 074, 146, 154, 032
03, 075, 147, 155, 048
03, 076, 148, 156, 064
03, 077, 149, 157, 080
03, 078, 150, 158, 096
03, 079, 151, 159, 112
03, 080, 160, 168, 000
03, 081, 161, 169, 016
03, 082, 162, 170, 032
03, 083, 163, 171, 048
03, 084, 164, 172, 064
03, 085, 165, 173, 080
03, 086, 166, 174, 096
03, 087, 167, 175, 112
03, 088, 176, 184, 000
03, 089, 177, 185, 016
03, 090, 178, 186, 032
03, 091, 179, 187, 048
03, 092, 180, 188, 064
03, 093, 181, 189, 080
03, 094, 182, 190, 096
03, 095, 183, 191, 112
03, 096, 192, 200, 000
03, 097, 193, 201, 016
03, 098, 194, 202, 032
03, 099, 195, 203, 048
03, 100, 196, 204, 064
03, 101, 197, 205, 080
03, 102, 198, 206, 096
03, 103, 199, 207, 112
03, 104, 208, 216, 000
03, 105, 209, 217, 016
03, 106, 210, 218, 032
03, 107, 211, 219, 048
03, 108, 212, 220, 064
03, 109, 213, 221, 080
03, 110, 214, 222, 096
03, 111, 215, 223, 112
03, 112, 224, 232, 000
03, 113, 225, 233, 016
03, 114, 226, 234, 032
03, 115, 227, 235, 048
03, 116, 228, 236, 064
03, 117, 229, 237, 080
03, 118, 230, 238, 096
03, 119, 231, 239, 112
03, 120, 240, 248, 000
03, 121, 241, 249, 016
03, 122, 242, 250, 032
03, 123, 243, 251, 048
03, 124, 244, 252, 064
03, 125, 245, 253, 080
03, 126, 246, 254, 096
03, 127, 247, 255, 112

## Stage 4  (m=32, half=16, stride=8)
04, 000, 000, 016, 000
04, 001, 001, 017, 008
04, 002, 002, 018, 016
04, 003, 003, 019, 024
04, 004, 004, 020, 032
04, 005, 005, 021, 040
04, 006, 006, 022, 048
04, 007, 007, 023, 056
04, 008, 008, 024, 064
04, 009, 009, 025, 072
04, 010, 010, 026, 080
04, 011, 011, 027, 088
04, 012, 012, 028, 096
04, 013, 013, 029, 104
04, 014, 014, 030, 112
04, 015, 015, 031, 120
04, 016, 032, 048, 000
04, 017, 033, 049, 008
04, 018, 034, 050, 016
04, 019, 035, 051, 024
04, 020, 036, 052, 032
04, 021, 037, 053, 040
04, 022, 038, 054, 048
04, 023, 039, 055, 056
04, 024, 040, 056, 064
04, 025, 041, 057, 072
04, 026, 042, 058, 080
04, 027, 043, 059, 088
04, 028, 044, 060, 096
04, 029, 045, 061, 104
04, 030, 046, 062, 112
04, 031, 047, 063, 120
04, 032, 064, 080, 000
04, 033, 065, 081, 008
04, 034, 066, 082, 016
04, 035, 067, 083, 024
04, 036, 068, 084, 032
04, 037, 069, 085, 040
04, 038, 070, 086, 048
04, 039, 071, 087, 056
04, 040, 072, 088, 064
04, 041, 073, 089, 072
04, 042, 074, 090, 080
04, 043, 075, 091, 088
04, 044, 076, 092, 096
04, 045, 077, 093, 104
04, 046, 078, 094, 112
04, 047, 079, 095, 120
04, 048, 096, 112, 000
04, 049, 097, 113, 008
04, 050, 098, 114, 016
04, 051, 099, 115, 024
04, 052, 100, 116, 032
04, 053, 101, 117, 040
04, 054, 102, 118, 048
04, 055, 103, 119, 056
04, 056, 104, 120, 064
04, 057, 105, 121, 072
04, 058, 106, 122, 080
04, 059, 107, 123, 088
04, 060, 108, 124, 096
04, 061, 109, 125, 104
04, 062, 110, 126, 112
04, 063, 111, 127, 120
04, 064, 128, 144, 000
04, 065, 129, 145, 008
04, 066, 130, 146, 016
04, 067, 131, 147, 024
04, 068, 132, 148, 032
04, 069, 133, 149, 040
04, 070, 134, 150, 048
04, 071, 135, 151, 056
04, 072, 136, 152, 064
04, 073, 137, 153, 072
04, 074, 138, 154, 080
04, 075, 139, 155, 088
04, 076, 140, 156, 096
04, 077, 141, 157, 104
04, 078, 142, 158, 112
04, 079, 143, 159, 120
04, 080, 160, 176, 000
04, 081, 161, 177, 008
04, 082, 162, 178, 016
04, 083, 163, 179, 024
04, 084, 164, 180, 032
04, 085, 165, 181, 040
04, 086, 166, 182, 048
04, 087, 167, 183, 056
04, 088, 168, 184, 064
04, 089, 169, 185, 072
04, 090, 170, 186, 080
04, 091, 171, 187, 088
04, 092, 172, 188, 096
04, 093, 173, 189, 104
04, 094, 174, 190, 112
04, 095, 175, 191, 120
04, 096, 192, 208, 000
04, 097, 193, 209, 008
04, 098, 194, 210, 016
04, 099, 195, 211, 024
04, 100, 196, 212, 032
04, 101, 197, 213, 040
04, 102, 198, 214, 048
04, 103, 199, 215, 056
04, 104, 200, 216, 064
04, 105, 201, 217, 072
04, 106, 202, 218, 080
04, 107, 203, 219, 088
04, 108, 204, 220, 096
04, 109, 205, 221, 104
04, 110, 206, 222, 112
04, 111, 207, 223, 120
04, 112, 224, 240, 000
04, 113, 225, 241, 008
04, 114, 226, 242, 016
04, 115, 227, 243, 024
04, 116, 228, 244, 032
04, 117, 229, 245, 040
04, 118, 230, 246, 048
04, 119, 231, 247, 056
04, 120, 232, 248, 064
04, 121, 233, 249, 072
04, 122, 234, 250, 080
04, 123, 235, 251, 088
04, 124, 236, 252, 096
04, 125, 237, 253, 104
04, 126, 238, 254, 112
04, 127, 239, 255, 120

## Stage 5  (m=64, half=32, stride=4)
05, 000, 000, 032, 000
05, 001, 001, 033, 004
05, 002, 002, 034, 008
05, 003, 003, 035, 012
05, 004, 004, 036, 016
05, 005, 005, 037, 020
05, 006, 006, 038, 024
05, 007, 007, 039, 028
05, 008, 008, 040, 032
05, 009, 009, 041, 036
05, 010, 010, 042, 040
05, 011, 011, 043, 044
05, 012, 012, 044, 048
05, 013, 013, 045, 052
05, 014, 014, 046, 056
05, 015, 015, 047, 060
05, 016, 016, 048, 064
05, 017, 017, 049, 068
05, 018, 018, 050, 072
05, 019, 019, 051, 076
05, 020, 020, 052, 080
05, 021, 021, 053, 084
05, 022, 022, 054, 088
05, 023, 023, 055, 092
05, 024, 024, 056, 096
05, 025, 025, 057, 100
05, 026, 026, 058, 104
05, 027, 027, 059, 108
05, 028, 028, 060, 112
05, 029, 029, 061, 116
05, 030, 030, 062, 120
05, 031, 031, 063, 124
05, 032, 064, 096, 000
05, 033, 065, 097, 004
05, 034, 066, 098, 008
05, 035, 067, 099, 012
05, 036, 068, 100, 016
05, 037, 069, 101, 020
05, 038, 070, 102, 024
05, 039, 071, 103, 028
05, 040, 072, 104, 032
05, 041, 073, 105, 036
05, 042, 074, 106, 040
05, 043, 075, 107, 044
05, 044, 076, 108, 048
05, 045, 077, 109, 052
05, 046, 078, 110, 056
05, 047, 079, 111, 060
05, 048, 080, 112, 064
05, 049, 081, 113, 068
05, 050, 082, 114, 072
05, 051, 083, 115, 076
05, 052, 084, 116, 080
05, 053, 085, 117, 084
05, 054, 086, 118, 088
05, 055, 087, 119, 092
05, 056, 088, 120, 096
05, 057, 089, 121, 100
05, 058, 090, 122, 104
05, 059, 091, 123, 108
05, 060, 092, 124, 112
05, 061, 093, 125, 116
05, 062, 094, 126, 120
05, 063, 095, 127, 124
05, 064, 128, 160, 000
05, 065, 129, 161, 004
05, 066, 130, 162, 008
05, 067, 131, 163, 012
05, 068, 132, 164, 016
05, 069, 133, 165, 020
05, 070, 134, 166, 024
05, 071, 135, 167, 028
05, 072, 136, 168, 032
05, 073, 137, 169, 036
05, 074, 138, 170, 040
05, 075, 139, 171, 044
05, 076, 140, 172, 048
05, 077, 141, 173, 052
05, 078, 142, 174, 056
05, 079, 143, 175, 060
05, 080, 144, 176, 064
05, 081, 145, 177, 068
05, 082, 146, 178, 072
05, 083, 147, 179, 076
05, 084, 148, 180, 080
05, 085, 149, 181, 084
05, 086, 150, 182, 088
05, 087, 151, 183, 092
05, 088, 152, 184, 096
05, 089, 153, 185, 100
05, 090, 154, 186, 104
05, 091, 155, 187, 108
05, 092, 156, 188, 112
05, 093, 157, 189, 116
05, 094, 158, 190, 120
05, 095, 159, 191, 124
05, 096, 192, 224, 000
05, 097, 193, 225, 004
05, 098, 194, 226, 008
05, 099, 195, 227, 012
05, 100, 196, 228, 016
05, 101, 197, 229, 020
05, 102, 198, 230, 024
05, 103, 199, 231, 028
05, 104, 200, 232, 032
05, 105, 201, 233, 036
05, 106, 202, 234, 040
05, 107, 203, 235, 044
05, 108, 204, 236, 048
05, 109, 205, 237, 052
05, 110, 206, 238, 056
05, 111, 207, 239, 060
05, 112, 208, 240, 064
05, 113, 209, 241, 068
05, 114, 210, 242, 072
05, 115, 211, 243, 076
05, 116, 212, 244, 080
05, 117, 213, 245, 084
05, 118, 214, 246, 088
05, 119, 215, 247, 092
05, 120, 216, 248, 096
05, 121, 217, 249, 100
05, 122, 218, 250, 104
05, 123, 219, 251, 108
05, 124, 220, 252, 112
05, 125, 221, 253, 116
05, 126, 222, 254, 120
05, 127, 223, 255, 124

## Stage 6  (m=128, half=64, stride=2)
06, 000, 000, 064, 000
06, 001, 001, 065, 002
06, 002, 002, 066, 004
06, 003, 003, 067, 006
06, 004, 004, 068, 008
06, 005, 005, 069, 010
06, 006, 006, 070, 012
06, 007, 007, 071, 014
06, 008, 008, 072, 016
06, 009, 009, 073, 018
06, 010, 010, 074, 020
06, 011, 011, 075, 022
06, 012, 012, 076, 024
06, 013, 013, 077, 026
06, 014, 014, 078, 028
06, 015, 015, 079, 030
06, 016, 016, 080, 032
06, 017, 017, 081, 034
06, 018, 018, 082, 036
06, 019, 019, 083, 038
06, 020, 020, 084, 040
06, 021, 021, 085, 042
06, 022, 022, 086, 044
06, 023, 023, 087, 046
06, 024, 024, 088, 048
06, 025, 025, 089, 050
06, 026, 026, 090, 052
06, 027, 027, 091, 054
06, 028, 028, 092, 056
06, 029, 029, 093, 058
06, 030, 030, 094, 060
06, 031, 031, 095, 062
06, 032, 032, 096, 064
06, 033, 033, 097, 066
06, 034, 034, 098, 068
06, 035, 035, 099, 070
06, 036, 036, 100, 072
06, 037, 037, 101, 074
06, 038, 038, 102, 076
06, 039, 039, 103, 078
06, 040, 040, 104, 080
06, 041, 041, 105, 082
06, 042, 042, 106, 084
06, 043, 043, 107, 086
06, 044, 044, 108, 088
06, 045, 045, 109, 090
06, 046, 046, 110, 092
06, 047, 047, 111, 094
06, 048, 048, 112, 096
06, 049, 049, 113, 098
06, 050, 050, 114, 100
06, 051, 051, 115, 102
06, 052, 052, 116, 104
06, 053, 053, 117, 106
06, 054, 054, 118, 108
06, 055, 055, 119, 110
06, 056, 056, 120, 112
06, 057, 057, 121, 114
06, 058, 058, 122, 116
06, 059, 059, 123, 118
06, 060, 060, 124, 120
06, 061, 061, 125, 122
06, 062, 062, 126, 124
06, 063, 063, 127, 126
06, 064, 128, 192, 000
06, 065, 129, 193, 002
06, 066, 130, 194, 004
06, 067, 131, 195, 006
06, 068, 132, 196, 008
06, 069, 133, 197, 010
06, 070, 134, 198, 012
06, 071, 135, 199, 014
06, 072, 136, 200, 016
06, 073, 137, 201, 018
06, 074, 138, 202, 020
06, 075, 139, 203, 022
06, 076, 140, 204, 024
06, 077, 141, 205, 026
06, 078, 142, 206, 028
06, 079, 143, 207, 030
06, 080, 144, 208, 032
06, 081, 145, 209, 034
06, 082, 146, 210, 036
06, 083, 147, 211, 038
06, 084, 148, 212, 040
06, 085, 149, 213, 042
06, 086, 150, 214, 044
06, 087, 151, 215, 046
06, 088, 152, 216, 048
06, 089, 153, 217, 050
06, 090, 154, 218, 052
06, 091, 155, 219, 054
06, 092, 156, 220, 056
06, 093, 157, 221, 058
06, 094, 158, 222, 060
06, 095, 159, 223, 062
06, 096, 160, 224, 064
06, 097, 161, 225, 066
06, 098, 162, 226, 068
06, 099, 163, 227, 070
06, 100, 164, 228, 072
06, 101, 165, 229, 074
06, 102, 166, 230, 076
06, 103, 167, 231, 078
06, 104, 168, 232, 080
06, 105, 169, 233, 082
06, 106, 170, 234, 084
06, 107, 171, 235, 086
06, 108, 172, 236, 088
06, 109, 173, 237, 090
06, 110, 174, 238, 092
06, 111, 175, 239, 094
06, 112, 176, 240, 096
06, 113, 177, 241, 098
06, 114, 178, 242, 100
06, 115, 179, 243, 102
06, 116, 180, 244, 104
06, 117, 181, 245, 106
06, 118, 182, 246, 108
06, 119, 183, 247, 110
06, 120, 184, 248, 112
06, 121, 185, 249, 114
06, 122, 186, 250, 116
06, 123, 187, 251, 118
06, 124, 188, 252, 120
06, 125, 189, 253, 122
06, 126, 190, 254, 124
06, 127, 191, 255, 126

## Stage 7  (m=256, half=128, stride=1)
07, 000, 000, 128, 000
07, 001, 001, 129, 001
07, 002, 002, 130, 002
07, 003, 003, 131, 003
07, 004, 004, 132, 004
07, 005, 005, 133, 005
07, 006, 006, 134, 006
07, 007, 007, 135, 007
07, 008, 008, 136, 008
07, 009, 009, 137, 009
07, 010, 010, 138, 010
07, 011, 011, 139, 011
07, 012, 012, 140, 012
07, 013, 013, 141, 013
07, 014, 014, 142, 014
07, 015, 015, 143, 015
07, 016, 016, 144, 016
07, 017, 017, 145, 017
07, 018, 018, 146, 018
07, 019, 019, 147, 019
07, 020, 020, 148, 020
07, 021, 021, 149, 021
07, 022, 022, 150, 022
07, 023, 023, 151, 023
07, 024, 024, 152, 024
07, 025, 025, 153, 025
07, 026, 026, 154, 026
07, 027, 027, 155, 027
07, 028, 028, 156, 028
07, 029, 029, 157, 029
07, 030, 030, 158, 030
07, 031, 031, 159, 031
07, 032, 032, 160, 032
07, 033, 033, 161, 033
07, 034, 034, 162, 034
07, 035, 035, 163, 035
07, 036, 036, 164, 036
07, 037, 037, 165, 037
07, 038, 038, 166, 038
07, 039, 039, 167, 039
07, 040, 040, 168, 040
07, 041, 041, 169, 041
07, 042, 042, 170, 042
07, 043, 043, 171, 043
07, 044, 044, 172, 044
07, 045, 045, 173, 045
07, 046, 046, 174, 046
07, 047, 047, 175, 047
07, 048, 048, 176, 048
07, 049, 049, 177, 049
07, 050, 050, 178, 050
07, 051, 051, 179, 051
07, 052, 052, 180, 052
07, 053, 053, 181, 053
07, 054, 054, 182, 054
07, 055, 055, 183, 055
07, 056, 056, 184, 056
07, 057, 057, 185, 057
07, 058, 058, 186, 058
07, 059, 059, 187, 059
07, 060, 060, 188, 060
07, 061, 061, 189, 061
07, 062, 062, 190, 062
07, 063, 063, 191, 063
07, 064, 064, 192, 064
07, 065, 065, 193, 065
07, 066, 066, 194, 066
07, 067, 067, 195, 067
07, 068, 068, 196, 068
07, 069, 069, 197, 069
07, 070, 070, 198, 070
07, 071, 071, 199, 071
07, 072, 072, 200, 072
07, 073, 073, 201, 073
07, 074, 074, 202, 074
07, 075, 075, 203, 075
07, 076, 076, 204, 076
07, 077, 077, 205, 077
07, 078, 078, 206, 078
07, 079, 079, 207, 079
07, 080, 080, 208, 080
07, 081, 081, 209, 081
07, 082, 082, 210, 082
07, 083, 083, 211, 083
07, 084, 084, 212, 084
07, 085, 085, 213, 085
07, 086, 086, 214, 086
07, 087, 087, 215, 087
07, 088, 088, 216, 088
07, 089, 089, 217, 089
07, 090, 090, 218, 090
07, 091, 091, 219, 091
07, 092, 092, 220, 092
07, 093, 093, 221, 093
07, 094, 094, 222, 094
07, 095, 095, 223, 095
07, 096, 096, 224, 096
07, 097, 097, 225, 097
07, 098, 098, 226, 098
07, 099, 099, 227, 099
07, 100, 100, 228, 100
07, 101, 101, 229, 101
07, 102, 102, 230, 102
07, 103, 103, 231, 103
07, 104, 104, 232, 104
07, 105, 105, 233, 105
07, 106, 106, 234, 106
07, 107, 107, 235, 107
07, 108, 108, 236, 108
07, 109, 109, 237, 109
07, 110, 110, 238, 110
07, 111, 111, 239, 111
07, 112, 112, 240, 112
07, 113, 113, 241, 113
07, 114, 114, 242, 114
07, 115, 115, 243, 115
07, 116, 116, 244, 116
07, 117, 117, 245, 117
07, 118, 118, 246, 118
07, 119, 119, 247, 119
07, 120, 120, 248, 120
07, 121, 121, 249, 121
07, 122, 122, 250, 122
07, 123, 123, 251, 123
07, 124, 124, 252, 124
07, 125, 125, 253, 125
07, 126, 126, 254, 126
07, 127, 127, 255, 127

