-2103 -22745
6338 -30780
-2515 -21987
-31772 -5170
10268 -6124
-21921 32149
-12476 -7849
-27136 479
-13433 -13927
-4136 13999
29867 28005
15584 715
-26893 27592
27352 -28130
1259 -21629
-13578 -7457
28107 -16044
-3781 29854
-18373 -13920
-10749 -15279
-5726 31515
29492 -17961
-31723 -8076
-6489 -15203
2298 -7925
-24616 -27720
-2331 15654
-6919 5468
21018 25140
27143 22296
-23899 -25841
-13625 11854
-26361 6190
-6118 -9459
-14072 -31530
4073 11
-9144 -30696
23268 636
-31288 31610
-16457 4602
31899 -8642
-24005 -5135
-19839 -28974
20326 -21630
387 -9744
21121 24719
-29495 11509
18563 -18853
6828 17670
-5539 -29894
-29568 -18432
-32284 -30312
-9416 10628
-13588 -13882
-13590 28749
1692 -2431
4672 -30242
-28199 -26191
17802 9216
13339 -14399
-27840 -27455
4580 7843
21497 -11175
18281 25476
-6161 -30825
25902 -14431
-2608 -3688
-26383 -1143
-12571 12505
14135 13019
9861 -5828
-6510 29364
18652 -5248
-32051 24928
12376 -22997
-14710 -16976
-10372 -32679
8007 -2653
15869 -7132
-28098 14917
-1067 -22085
-2696 25433
-12724 -28746
15542 30791
-5266 -22473
-8568 -23553
-4507 -1995
-28237 -6879
14453 -30086
-26153 -31160
-6420 26191
1638 -8091
10648 22716
22600 23570
6491 10550
30580 -30782
-2334 27781
-4273 -15795
-1009 -5816
25326 15321
-21727 23535
-22648 26765
19163 -24868
-507 -10699
-30578 31954
22408 15298
-3143 11156
6732 25579
-3610 29142
31393 -21551
-27931 -24874
-13895 19419
7806 238
16587 -3395
21880 -9182
-25008 -10672
-17877 -22013
21660 30505
-4690 27753
-20042 -20006
1140 -22336
-15904 -28341
19234 -8467
14748 -116
100 -9525
-1534 12013
215 -21513
30965 2641
2115 22897
-5863 -30856
3822 1545
-24782 -27998
-19583 3283
-29235 5031
-8936 10039
-26881 -17230
21087 -31747
-31866 -25857
-21120 -21310
-4440 -17372
17930 -29772
16525 1977
-10853 24439
159 31355
5672 23173
-11124 27200
8410 12583
-3653 3851
-1181 -30233
-24414 -23396
13717 29328
-5726 -29378
-21137 32470
-1226 9024
3991 16876
-17051 22590
6715 25705
-19857 -1658
29167 6038
-12667 13531
29150 -6966
-14696 -15355
-15696 -21901
19619 9665
-15143 -5510
12462 23361
1608 20770
9159 -1008
6937 25907
-24347 -24943
15174 -17753
10897 -31540
28234 18366
-16120 25671
-29572 30480
12550 3873
8244 -17441
8618 -1268
16291 4556
-727 18420
26318 -25600
24252 -11327
-4871 -19377
3657 28187
-8184 -24429
6159 9871
4823 -9372
23098 3961
-741 17567
27580 -16082
-15906 -20765
19349 -5977
-28329 10343
6477 -25690
20136 -7144
6532 4948
-4034 22103
-13175 -31913
26866 -5486
-31011 -6273
13889 -4804
-13966 -10129
-32564 14996
8003 -19892
-14970 -27198
14382 -27695
-30697 -10612
-28584 -32278
-2973 21186
9529 -11544
9324 18907
28317 -2420
25298 -13074
-5746 -4144
-7719 5486
8300 1256
31974 21853
23041 -3012
877 23515
-5695 -18115
-3922 7989
-6912 -13417
22012 14113
28312 26874
11627 20015
-11071 -27738
-29645 -18369
-5756 -12715
18454 32433
11124 -4659
575 -4148
17198 -25965
-20520 -14673
30198 29742
23405 -17260
-11965 6715
10186 30505
6598 12397
21930 23689
16270 2705
-32689 -31596
18141 2854
-18401 30508
7416 18601
3274 -5079
10119 -8541
-30323 14482
31812 13626
-12685 14699
22542 -23560
-10960 24142
-27031 8522
8964 -17900
-5255 -22461
11680 -7310
30222 29526
