-372 -1339
-452 1166
-788 2057
104 1258
-1057 -896
-276 -233
-380 -1895
-106 1121
303 572
-809 -1925
-1451 -1
1896 -1127
1728 916
874 -751
-468 843
-1639 -361
599 1524
216 -1440
510 1412
-718 -719
1879 -710
-820 -1337
2504 168
-272 -410
-143 -956
-111 1600
-1171 341
1576 939
-393 1262
2321 -356
513 -1948
429 -346
-1834 -208
481 474
823 1142
-1202 -696
1608 -1012
809 -405
-1604 -261
-223 1471
-162 877
-2641 521
-819 91
-2032 1005
-270 -1161
145 -28
509 3497
-1141 1385
-279 913
-268 718
-414 139
171 -1443
575 1436
416 -576
1080 154
1262 -669
-2808 3030
-637 -1227
516 614
-689 6
-1251 -1309
-1998 289
-1 651
817 -269
-116 -510
-124 -909
-16 -1380
-554 -206
-1741 -1526
-405 251
2795 -725
-281 -403
-677 1183
-1569 -978
-890 2003
2997 -173
-920 553
-221 -559
-257 -1456
376 -835
-1186 777
-78 -1179
-241 -270
2012 -1283
-785 -1710
-1136 204
-263 42
-947 86
-1114 1294
285 2171
417 831
27 45
-64 1282
-1131 -409
-1921 1611
-1343 -3
477 1076
-618 -1747
-178 -541
54 -1396
-2334 -1532
-516 406
-372 2054
-1544 -1366
-2767 -881
373 546
-2187 -36
1304 2049
-1264 1796
455 -1054
1893 -1149
911 -1381
-1282 -716
-355 687
-231 -772
3568 -2248
-1725 2096
-314 -212
2684 -23
1721 390
1124 692
380 -1403
-61 246
-172 2761
51 765
75 -2860
386 972
85 128
-677 962
-2983 480
-184 -346
591 -512
495 -3197
-223 818
1884 88
-362 -3142
-644 2
197 -230
-1151 80
192 -716
1012 -1133
-121 -897
1326 41
557 28
-2027 -1342
18 702
432 -607
-1809 1527
-762 -162
-132 -1602
-1391 653
-408 -801
447 1161
-490 -770
1802 1061
557 3320
7 28
-437 1125
23 432
114 -60
1293 -1152
-1167 -2825
-1593 -606
-1295 -2001
1107 -2270
-740 711
83 1377
-1083 307
746 585
261 26
-1432 406
896 -54
-1994 -100
712 -668
895 -1773
-1936 71
643 1485
608 2012
1556 -1202
168 -293
-767 760
763 -1161
-598 760
1974 -1958
-1348 -970
204 -114
1913 -2081
-735 -1374
-222 -612
-2205 42
94 1050
496 -42
1413 265
1301 1157
-790 -325
1693 -457
-84 -822
806 353
921 -1490
1605 1531
1130 1557
-4 1211
-10 983
-261 3026
100 246
-1352 -2056
-510 762
-877 -1297
768 961
1083 -1570
814 937
2001 -979
1319 1320
272 -1272
-1217 -1605
223 -1094
1360 -1368
473 1999
2524 1235
-220 1815
-375 -939
-1254 -3063
-98 227
624 254
1006 -1139
-1469 -1292
266 -1180
-501 1646
1677 2081
272 -408
1501 68
-229 2100
1524 -2764
1010 743
-194 1154
1257 -1611
-1488 -355
936 -217
1051 -358
662 -635
1423 -1447
-1710 -1126
811 -1239
318 -680
17 -537
-691 -480
-589 -877
-1307 -770
384 -790
1099 661
-344 -750
-1051 1302
99 -2976
1265 1311
-87 -123
940 -1630
